82 81 92 51 78 42 81 41 66 61 25 72 52 82 26 
76 47 86 54 38 66 63 79 56 89 80 51 25 64 86 
40 66 84 59 90 46 93 86 37 87 30 60 94 42 53 
66 35 88 62 57 67 36 55 27 53 34 54 35 91 29 
27 61 67 29 98 72 74 98 97 84 53 86 71 44 59 
47 47 69 93 30 88 89 45 57 39 48 96 82 35 69 
98 33 86 41 41 70 28 36 62 25 37 80 29 25 72 
52 57 87 43 79 95 69 76 42 88 25 53 96 37 56 
43 61 44 90 72 73 33 75 34 35 42 89 74 58 25 
84 39 45 55 86 25 95 26 29 89 25 33 38 33 77 
28 93 98 59 71 95 78 51 92 55 29 87 89 62 55 
30 60 99 79 86 49 47 87 35 78 98 85 82 58 86 
72 53 57 35 68 80 33 85 47 85 98 59 87 61 70 
46 89 88 87 46 72 79 31 55 48 41 47 56 31 51 
45 93 41 82 64 64 96 87 41 40 28 73 94 53 61 
35 64 83 47 72 74 29 50 61 86 65 90 46 72 28 
94 78 90 84 25 54 80 55 92 25 71 83 96 73 66 
55 55 76 56 25 34 45 81 100 53 68 61 98 62 75 
43 56 64 95 67 35 40 70 74 52 47 61 60 67 48 
94 44 51 77 97 52 26 49 41 35 68 25 78 36 26 
43 74 66 74 84 29 46 42 89 78 78 55 33 51 75 
71 39 64 53 47 52 53 91 55 29 70 34 40 85 69 
48 57 25 100 66 65 90 84 87 92 29 58 99 29 82 
80 28 61 38 95 61 86 98 29 77 27 85 66 84 76 
31 45 60 74 85 65 66 53 38 49 80 98 51 37 75 
68 50 99 71 91 68 35 95 80 81 91 51 92 90 31 
82 60 50 61 68 74 55 77 36 82 59 79 91 92 100 
25 96 42 29 80 41 45 58 52 28 34 95 78 88 87 
92 58 39 40 51 61 40 40 50 31 26 85 51 98 59 
89 83 53 67 70 99 100 97 61 88 62 88 78 97 39 
40 36 94 71 85 57 36 78 89 37 79 69 29 60 37 
99 48 90 100 84 92 60 96 47 35 52 53 84 47 86 
80 53 96 98 32 26 98 77 94 71 94 37 29 78 88 
49 65 74 51 86 57 40 83 48 92 32 76 77 37 44 
57 77 54 73 42 38 35 39 55 42 49 68 83 79 93 
85 93 27 35 57 75 99 28 47 79 62 80 39 51 82 
85 72 49 51 57 37 73 27 47 54 67 79 41 82 32 
40 78 31 62 58 55 31 76 42 89 34 57 50 54 33 
76 32 57 49 85 52 75 44 26 42 87 47 48 96 94 
33 50 52 53 41 64 38 98 85 31 82 97 69 89 61 
87 33 99 55 72 56 87 32 42 75 46 35 55 49 88 
33 72 43 84 94 50 69 59 36 78 41 82 29 27 48 
43 78 43 95 85 70 31 55 87 39 65 29 90 86 93 
62 44 94 44 66 50 63 32 96 83 46 68 98 59 40 
76 63 26 45 26 92 85 54 45 43 67 42 39 71 58 
74 34 96 56 80 88 98 73 55 91 34 35 94 60 85 
54 62 32 38 43 46 45 47 67 90 35 44 89 88 74 
92 48 68 73 44 60 33 85 78 40 37 52 79 25 91 
46 89 97 88 34 45 30 85 46 49 44 39 56 50 90 
53 49 44 46 51 71 27 35 63 44 58 55 46 79 59 
27 61 58 71 58 74 58 40 95 66 34 57 47 65 97 
57 50 25 88 64 91 52 59 95 90 53 43 27 59 46 
47 41 25 36 61 74 60 52 89 98 86 58 66 35 40 
72 37 36 45 64 98 27 27 51 70 81 97 95 47 80 
54 76 28 87 29 44 49 82 88 93 79 85 34 68 76 
76 35 95 29 53 38 86 41 62 47 99 63 49 96 42 
85 58 62 45 47 84 37 73 99 60 56 61 31 63 28 
80 70 63 81 47 92 78 54 64 64 92 65 49 44 50 
27 56 75 68 35 73 72 43 94 60 40 43 66 86 46 
37 84 70 46 33 97 75 51 65 49 36 63 61 88 61 
41 78 61 87 55 30 67 91 86 85 64 92 54 76 66 
70 91 100 26 38 38 61 39 60 77 84 35 60 42 46 
61 95 95 84 67 41 31 97 28 68 26 95 63 85 74 
34 66 74 58 70 57 52 72 92 95 26 95 44 88 31 
57 26 66 90 77 95 61 64 53 40 41 52 91 99 70 
43 61 90 68 33 37 96 35 33 70 53 54 48 97 61 
79 85 52 62 50 58 68 45 51 99 